2408102|Natal|3106,3084,2806,3156,3197,2808,3559,3248,3186,3449,3798,7883,29491,34264,42632,31458,36734,34142,41998,38243
2408003|Mossoró|650,582,521,574,752,461,743,752,574,647,600,600,787,753,1234,803,854,1028,947,853
2403251|Parnamirim|230,350,253,267,358,298,411,492,424,360,424,332,846,1060,1228,963,864,729,1034,1121
2402006|Caicó|329,423,438,577,604,466,436,509,488,554,460,451,637,638,782,830,671,695,701,861
2407104|Macaíba|158,341,291,211,234,190,320,274,271,280,268,170,437,598,938,428,767,549,685,627
2412005|São Gonçalo do Amarante|15,278,184,257,275,250,302,292,280,273,194,288,173,509,700,452,455,347,1267,1002
2411205|Santa Cruz|228,263,215,245,239,212,260,303,278,271,254,229,407,505,655,573,514,615,687,663
2400208|Açu|114,160,163,224,241,189,306,249,275,286,248,199,246,654,656,579,595,431,832,955
2407203|Macau|31,29,48,69,60,28,142,94,66,36,76,162,342,551,583,553,614,591,665,629
2414803|Vera Cruz|0,59,26,47,38,33,26,24,34,15,15,24,262,471,553,1207,576,415,544,450
2402600|Ceará-Mirim|299,52,25,97,69,30,286,76,232,254,194,133,337,369,335,205,279,185,592,544
2408300|Nova Cruz|99,47,80,76,107,80,106,77,117,78,111,92,244,388,569,351,430,287,502,462
2414407|Touros|64,108,60,109,60,145,93,94,114,121,79,82,211,427,462,428,411,340,455,429
2411502|Santo Antônio|117,34,68,62,168,111,123,31,39,27,72,79,166,619,411,374,326,293,422,561
2405801|João Câmara|125,103,90,74,94,180,99,186,84,40,120,71,189,453,672,294,257,227,318,371
2407807|Monte Alegre|37,58,29,41,88,78,62,114,68,63,130,80,597,497,379,310,327,280,352,419
2404507|Guamaré|2,49,30,45,63,46,103,55,96,107,70,58,229,402,372,328,408,321,641,392
2403608|Extremoz|87,103,94,62,83,57,60,85,110,91,60,99,136,186,262,212,211,231,951,569
2410405|Pureza|0,3,0,19,4,18,7,18,3,0,2,3,40,36,557,937,686,462,469,453
2412203|São José de Mipibu|64,56,63,54,77,64,91,101,74,85,77,75,179,323,402,314,362,314,383,381
2412906|São Tomé|27,48,33,26,33,23,39,37,45,27,37,38,223,522,662,301,437,207,297,386
2407500|Maxaranguape|25,33,20,16,62,30,46,30,48,25,37,13,247,574,644,212,242,414,392,289
2403103|Currais Novos|51,74,54,61,81,83,76,84,61,87,82,59,246,330,353,371,366,259,315,262
2401404|Baía Formosa|17,44,27,24,29,27,32,23,22,38,18,45,164,589,432,418,393,325,342,278
2404606|Ielmo Marinho|20,23,24,34,55,31,37,37,33,38,18,15,31,188,140,308,277,737,474,735
2403509|Espírito Santo|40,37,49,33,26,31,41,46,19,31,24,18,83,325,343,142,839,556,330,192
2404705|Ipanguaçu|28,32,18,31,48,26,102,70,56,53,62,63,56,184,361,223,191,238,543,798
2402204|Canguaretama|65,59,81,58,132,57,38,32,39,122,98,51,138,547,201,235,351,329,168,366
2408201|Nísia Floresta|61,10,30,28,31,54,69,81,57,43,52,69,271,315,411,227,278,384,355,321
2414209|Tibau do Sul|41,44,50,46,32,52,39,52,82,42,59,41,153,349,325,255,441,284,302,434
2414001|Tangará|64,44,67,68,65,61,43,103,72,63,56,35,257,450,460,191,234,218,292,252
2408953|Rio do Fogo|30,48,35,39,69,23,44,34,58,41,36,11,113,286,318,289,407,355,371,485
2413904|Taipu|22,47,32,52,40,47,38,46,63,35,62,28,81,315,148,152,687,161,342,605
2400307|Afonso Bezerra|8,41,26,10,20,2,40,24,29,20,32,46,287,400,364,161,350,211,365,447
2401602|Bento Fernandes|18,3,5,13,38,20,20,21,15,18,11,272,348,317,225,147,235,202,521,394
2401701|Bom Jesus|30,33,26,14,27,19,39,21,30,22,35,17,66,106,459,352,371,427,457,242
2412609|São Paulo do Potengi|40,58,19,68,48,44,69,49,23,63,35,28,106,182,280,181,291,205,271,722
2410108|Poço Branco|31,34,30,30,43,38,27,32,26,30,38,61,349,260,246,208,353,293,319,318
2407708|Montanhas|28,13,9,20,46,38,27,28,23,0,57,13,351,337,513,262,267,248,275,205
2406601|Lagoa Salgada|5,42,5,29,26,25,37,35,17,46,31,16,126,635,341,172,198,196,239,365
2404200|Goianinha|58,41,33,61,29,72,50,49,72,54,34,60,119,241,273,174,267,152,187,559
2400802|Angicos|32,47,27,32,69,46,90,58,68,58,64,36,125,145,139,117,122,148,423,669
2406502|Lagoa Nova|33,47,28,33,32,37,51,37,23,72,34,103,155,223,283,156,394,233,278,189
2413102|Senador Elói de Souza|1,10,20,58,56,13,16,5,46,19,23,17,30,279,503,391,276,218,218,183
2409100|Passa e Fica|30,32,21,27,31,25,41,30,33,40,21,45,86,433,375,177,188,194,301,250
2401206|Arês|22,23,11,18,29,14,33,27,19,23,27,30,118,305,418,308,312,143,247,182
2409407|Pau dos Ferros|75,92,78,98,84,99,75,99,98,101,101,99,138,174,166,158,147,127,160,140
2402303|Caraúbas|74,116,87,86,118,82,145,171,133,104,75,79,70,132,138,112,141,107,145,175
2400703|Alto do Rodrigues|49,31,41,90,44,53,52,36,65,34,66,66,73,178,170,78,173,226,332,413
2406304|Lagoa de Pedras|14,37,24,41,23,41,62,38,28,17,22,35,192,237,391,132,172,282,234,240
2413508|Serrinha|25,23,9,10,30,19,25,28,23,39,11,9,93,185,247,367,283,298,193,284
2412559|São Miguel do Gostoso|36,30,20,21,32,40,27,33,60,55,39,27,267,278,252,197,181,118,215,225
2402105|Campo Redondo|42,42,28,41,22,23,30,16,57,26,32,36,161,265,277,170,262,103,271,157
2411403|Santana do Matos|13,80,58,36,63,34,20,34,44,36,1,68,89,145,107,122,222,487,180,188
2405405|Japi|21,22,20,16,22,34,26,22,24,45,12,12,266,314,307,163,154,126,230,185
2406700|Lajes|21,25,9,26,17,13,51,35,39,104,89,43,126,68,104,254,308,238,217,189
2410306|Serra Caiada|39,39,39,60,39,36,54,61,54,78,37,12,93,163,290,85,152,132,262,226
2409803|Pedro Velho|18,47,19,29,24,24,34,39,49,43,28,29,34,128,186,163,298,158,258,271
2405306|Januário Cicco|1,11,6,9,5,78,17,12,28,31,33,33,303,215,256,166,140,146,133,221
2402808|Coronel Ezequiel|19,13,17,18,24,17,23,30,28,24,23,65,84,110,179,196,219,169,265,211
2401107|Areia Branca|61,93,67,64,114,92,112,85,90,89,68,77,129,40,163,92,79,66,85,63
2409704|Pedro Avelino|16,32,21,28,41,46,30,27,18,32,23,17,60,131,214,127,207,297,196,148
2401453|Baraúna|90,78,79,77,77,54,101,67,87,101,61,67,83,81,90,97,91,95,119,112
2406809|Lajes Pintadas|16,24,8,26,18,25,18,32,21,29,18,33,174,323,297,104,132,88,111,171
2409902|Pendências|22,23,52,44,33,55,97,77,76,53,54,30,29,102,98,72,128,104,299,150
2406106|Jucurutu|52,46,21,43,89,69,81,68,40,68,99,64,53,78,56,159,92,115,137,132
2410900|Riachuelo|33,34,12,49,24,36,38,62,40,31,29,29,44,147,167,95,161,122,197,195
2402709|Cerro Corá|16,22,24,37,35,26,19,47,21,40,34,34,88,111,196,150,154,98,163,225
2402501|Carnaubais|15,36,22,29,39,38,63,72,78,96,53,32,62,78,117,88,97,88,280,123
2406155|Jundiá|31,18,16,29,28,34,23,12,15,9,18,13,141,192,230,108,165,104,142,169
2401008|Apodi|65,67,47,42,36,42,67,53,75,48,84,76,131,91,85,80,53,69,100,173
2401859|Caiçara do Norte|26,24,10,41,20,11,32,20,20,15,22,7,23,157,141,148,94,119,218,295
2401909|Caiçara do Rio do Vento|0,3,3,9,4,3,8,15,7,10,14,5,8,384,144,145,214,162,179,117
2412807|São Rafael|16,60,8,4,85,13,71,64,33,73,21,51,50,65,63,33,70,235,177,234
2412302|São José do Campestre|35,41,31,43,61,25,51,22,41,53,52,27,44,100,109,134,101,126,154,150
2408805|Parazinho|15,23,21,28,35,31,32,17,25,38,27,29,33,97,89,64,212,125,278,151
2408904|Parelhas|52,67,38,57,113,38,61,88,62,105,67,112,75,94,32,101,38,13,59,92
2405009|Jaçanã|34,44,16,16,15,10,45,28,26,22,24,20,123,133,169,119,124,82,112,163
2405702|Jardim do Seridó|38,22,64,45,73,69,48,62,43,80,23,54,73,66,113,74,78,90,88,78
2406205|Lagoa d'Anta|15,12,17,15,15,10,11,23,9,18,14,3,48,139,211,148,108,113,149,191
2401503|Barcelona|22,6,12,15,19,10,9,12,19,6,17,35,143,83,133,188,153,149,87,91
2413359|Serra do Mel|32,28,18,44,33,13,29,34,35,36,30,40,97,104,119,61,79,56,146,124
2414704|Várzea|24,0,26,0,38,6,17,31,15,2,0,52,21,90,75,97,79,175,164,236
2403004|Cruzeta|14,46,18,29,35,39,62,42,60,36,35,32,147,84,75,59,85,52,79,116
2413706|Sítio Novo|17,23,22,24,32,23,32,48,34,44,32,31,104,154,147,74,54,75,58,82
2404853|Itajá|6,14,22,17,21,6,23,35,31,44,55,24,61,68,71,57,130,71,132,194
2400109|Acari|51,33,41,27,42,37,45,37,44,46,28,45,33,71,67,55,89,68,137,77
2401800|Brejinho|14,30,15,19,35,11,19,15,17,14,18,20,68,138,138,71,96,46,138,150
2412500|São Miguel|36,16,9,2,11,7,9,13,4,9,8,13,97,236,78,55,60,259,65,70
2403806|Florânia|29,40,32,28,34,28,36,32,27,32,24,38,71,105,124,70,80,56,94,71
2409209|Passagem|7,6,10,16,20,7,10,8,9,10,11,7,123,136,139,83,66,77,121,182
2409605|Pedra Preta|2,6,10,6,12,18,18,22,14,14,18,34,59,89,95,69,221,45,156,137
2412708|São Pedro|23,8,27,32,21,18,15,22,34,25,31,28,28,80,144,80,101,62,126,94
2409308|Patu|31,33,34,37,56,38,56,46,34,38,36,42,33,50,62,38,56,116,69,90
2405603|Jardim de Piranhas|29,23,11,23,34,24,21,24,23,18,18,40,45,32,246,45,121,85,80,43
2413409|Serra Negra do Norte|30,39,49,73,63,43,49,45,21,24,40,49,72,52,33,49,67,44,66,67
2403400|Equador|18,0,16,6,2,17,13,8,12,6,36,15,67,72,53,93,135,154,181,44
2403202|Doutor Severiano|3,8,21,16,16,21,17,28,24,21,10,23,14,43,44,31,90,248,132,54
2413003|São Vicente|22,18,27,21,26,26,32,24,16,22,38,31,69,57,70,50,67,48,99,86
2411700|São Bento do Trairí|5,18,11,13,16,11,19,19,11,4,29,17,49,51,60,77,54,126,96,139
2414506|Umarizal|23,20,33,17,20,19,37,40,45,25,20,21,47,22,57,28,26,205,81,34
2409332|Santa Maria|12,12,6,12,11,11,26,19,1,3,29,20,19,85,135,97,69,72,95,64
2402402|Carnaúba dos Dantas|9,22,27,35,38,19,20,23,15,25,18,27,94,40,35,64,74,36,76,98
2413300|Serra de São Bento|29,71,8,33,14,0,11,20,40,13,4,4,48,73,94,31,75,39,90,90
2403707|Felipe Guerra|46,17,21,24,26,28,37,30,36,35,17,22,60,51,57,45,56,57,65,53
2413557|Serrinha dos Pintos|2,0,0,2,2,0,5,3,6,8,22,9,41,85,71,68,122,144,73,90
2401305|Campo Grande|29,26,30,18,18,19,45,44,32,31,52,28,28,61,48,42,60,16,29,93
2411106|Ruy Barbosa|7,2,0,9,2,6,16,6,11,25,4,12,44,71,110,88,100,38,99,73
2405207|Janduís|19,25,4,39,31,31,45,27,52,26,37,44,25,26,22,49,57,50,43,53
2414456|Triunfo Potiguar|55,3,21,16,18,10,8,18,16,11,12,15,21,50,32,13,11,18,196,152
2414159|Tenente Laurentino Cruz|28,0,27,7,48,14,5,40,16,38,13,8,57,57,60,54,48,39,43,77
2413201|Senador Georgino Avelino|8,6,4,8,10,8,5,18,6,5,10,6,81,33,53,32,35,57,102,178
2405504|Jardim de Angicos|8,9,8,5,3,0,0,0,0,0,1,2,27,98,172,108,126,3,66,21
2407401|Martins|16,19,30,30,12,1,61,23,30,19,28,29,19,62,27,46,38,68,44,53
2400505|Alexandria|4,7,8,3,8,6,7,7,7,5,8,7,18,56,47,20,36,304,34,36
2414605|Upanema|12,3,13,11,27,12,27,12,15,0,15,4,22,30,67,27,37,29,90,145
2412104|São João do Sabugi|24,34,11,19,27,8,26,16,41,15,20,14,15,57,71,41,35,19,53,41
2415008|Vila Flor|3,10,3,10,16,10,13,7,7,3,12,7,21,73,78,27,73,88,73,48
2411007|Rodolfo Fernandes|12,8,9,14,26,43,11,10,29,14,20,33,55,22,34,25,61,94,34,27
2404101|Galinhos|8,4,4,3,13,3,11,11,1,5,6,0,25,54,47,13,139,62,103,66
2408409|Olho d'Água do Borges|19,17,5,9,8,6,13,18,11,9,18,32,43,43,73,52,54,35,43,32
2406403|Lagoa de Velhos|2,3,6,15,8,3,8,5,9,5,6,8,83,45,74,35,21,50,59,51
2414100|Tenente Ananias|8,7,9,7,12,4,15,8,9,23,12,6,23,25,41,23,43,139,41,31
2407906|Monte das Gameleiras|9,9,0,9,3,5,4,11,16,11,15,19,42,77,44,41,35,32,42,60
2408508|Ouro Branco|7,10,10,2,20,10,12,13,15,10,15,15,37,31,66,37,31,30,38,66
2410702|Riacho da Cruz|12,5,11,6,9,3,8,18,16,17,23,6,35,35,38,46,38,18,51,49
2404408|Grossos|11,10,11,10,16,26,14,11,25,12,24,4,20,18,22,32,23,47,52,54
2409506|Pedra Grande|7,14,6,7,1,2,7,4,2,2,4,7,13,28,221,17,22,26,21,30
2410603|Rafael Godeiro|11,11,8,7,10,11,20,18,18,15,7,11,32,22,73,26,20,61,25,33
2411809|São Fernando|12,11,8,19,14,17,16,23,11,33,21,24,34,25,31,28,44,15,28,16
2410256|Porto do Mangue|3,6,25,16,21,9,18,14,31,21,24,6,11,16,28,17,21,12,53,29
2411601|São Bento do Norte|0,0,0,0,3,0,0,10,8,1,7,9,4,79,32,24,60,35,73,35
2404002|Frutuoso Gomes|24,22,15,15,12,4,14,8,14,24,6,13,6,18,22,9,20,66,19,33
2400604|Almino Afonso|11,7,4,6,22,10,28,15,13,23,13,11,8,12,33,18,22,28,26,40
2408706|Paraú|16,12,18,5,13,13,9,31,15,17,14,2,12,28,17,20,12,15,31,40
2400901|Antônio Martins|5,3,13,4,26,16,20,11,16,8,11,27,18,22,16,27,10,38,27,4
2402907|Coronel João Pessoa|3,10,3,4,4,1,15,12,3,2,17,8,21,17,27,21,19,98,18,14
2403756|Fernando Pedroza|6,7,5,6,10,0,9,11,5,5,3,8,25,26,31,13,17,10,70,35
2404309|Governador Dix-Sept Rosado|6,8,4,10,10,5,6,16,17,12,18,8,7,21,10,20,19,17,32,33
2405108|Jandaíra|11,4,7,7,4,3,10,5,2,1,2,3,29,34,41,14,24,23,27,25
2412401|São José do Seridó|0,0,0,0,0,0,8,0,39,8,20,4,10,25,18,19,17,14,21,66
2410009|Pilões|4,7,3,3,6,3,4,10,20,6,10,12,15,16,28,33,22,24,20,20
2413607|Severiano Melo|3,5,7,6,8,1,17,21,12,14,12,9,17,11,15,16,11,31,19,15
2414308|Timbaúba dos Batistas|8,9,4,6,8,10,7,8,2,24,12,1,7,42,25,12,15,17,8,13
2414753|Venha-Ver|9,4,2,6,3,8,12,14,0,10,3,3,0,20,14,2,11,92,11,5
2407252|Major Sales|2,1,4,0,2,0,2,2,7,6,3,4,24,22,9,15,19,49,21,14
2406007|José da Penha|0,0,0,3,1,2,3,3,3,0,2,5,4,19,12,15,21,86,10,16
2411429|Santana do Seridó|4,2,2,3,8,11,11,6,8,7,0,10,31,12,18,11,27,5,19,10
2404804|Ipueira|4,5,2,11,1,3,6,0,2,7,1,12,2,2,83,9,29,13,4,0
2407609|Messias Targino|1,7,4,3,7,6,8,17,11,16,11,11,19,18,4,20,6,3,9,12
2407005|Luís Gomes|1,0,1,19,2,1,1,1,0,0,4,1,9,21,17,13,61,14,8,17
2411056|Tibau|6,2,4,0,15,7,7,3,3,3,18,31,10,6,12,2,11,10,5,34
2408607|Paraná|6,6,1,0,5,6,15,8,5,6,13,0,13,9,6,3,6,27,40,13
2404903|Itaú|12,5,2,3,4,0,18,14,6,6,2,1,4,2,14,14,7,9,37,17
2411908|São Francisco do Oeste|4,4,2,2,0,3,0,0,0,11,3,4,15,10,14,8,5,73,8,11
2403301|Encanto|0,3,3,2,12,3,4,7,3,2,1,3,18,19,18,26,10,12,12,11
2406908|Lucrécia|11,2,2,6,4,0,5,10,5,4,9,1,9,6,6,3,5,56,9,13
2407302|Marcelino Vieira|14,18,9,3,1,7,6,3,6,1,2,1,5,15,19,9,13,5,15,9
2414902|Viçosa|5,2,0,3,0,4,11,6,12,4,11,7,1,1,14,7,8,37,5,20
2413805|Taboleiro Grande|4,1,0,1,1,1,3,20,6,5,2,8,14,7,9,2,1,30,6,5
2410207|Portalegre|1,0,1,2,2,2,1,3,0,6,1,1,6,10,7,6,7,46,9,7
2401651|Bodó|1,0,0,0,0,0,0,4,0,0,0,0,13,4,7,22,28,5,7,25
2403905|Francisco Dantas|0,0,0,0,2,0,0,0,3,7,1,5,7,22,9,1,6,33,9,8
2405900|João Dias|0,1,3,0,1,1,3,0,10,0,15,3,1,3,2,7,1,38,10,4
2410801|Riacho de Santana|8,3,0,5,0,0,2,6,3,5,1,4,12,7,7,10,10,5,14,1
2400406|Água Nova|2,0,0,1,2,2,2,1,5,1,0,1,3,15,10,4,7,16,7,5
2410504|Rafael Fernandes|0,0,0,0,0,0,0,0,0,3,1,0,1,8,5,8,14,22,1,7
